1391452679906471941
1390504485953413120
1391452118620512256
1391452329564676105
1391452264049651714
1391055677221588996
1391452065944113157
1390659207091785728
1391452578899271681
1391451340916805637
1390727350942420996
1391451212520767491
1391451556424335361
1391451345274785793
1390878560634785799
1391161345362497538
1390692089118269443
1391197157932347396
1391450379867545606
1390802924520067073
1391384650652823555
1390812256804474880
1391450738317041669
1390818160358666243
1390833881310453760
1391428857773838337
1390821571347075073
1391450718951854094
1391450400444850178
1391338953295400962
1391449237116817408
1391341438504476675
1391023812955738116
1391449481544183808
1390899136782872576
1390897558294310919
1391449448740532226
1391101543231803393
1390425580835774464
1391447390075310080
1391397026584088578
1391447735581224965
1391447601950511104
1391446568402833411
1391445090313416706
1391445075327127558
1391445532736958465
1391106891271401472
1391445581130727427
1390762568147521538
1391443902457016320
1390683538824048646
1391441715366699011
1391441790503424001
1391441575671107587
1391440997910028293
1391441216315793408
1391440313944879109
1391440834692718596
1391439144002506762
1391437648858951698
1391437427617771524
1391439126658965506
1391439723151908865
1391429834845327366
1390704033938264065
1391438580187373570
1391438235528749063
1391002167809560577
1390977187923234819
1390897510563164160
1391438277077524486
1391438261516701699
1391436419227430912
1391435901289512961
1391040653740503045
1391436422163288065
1391436112762183684
1391436241808334852
1391436202855829511
1391435329542963206
1391435417145204741
1391434340744241156
1391434028759269376
1391434033075216386
1391432159391404039
1391432405421076487
1391431794126475264
1391431281850916866
1391430857089601536
1391430778165239814
1391412552777703429
1391430353848467458
1391430072712712193
1390628255519186951
1391430328632418308
1391429593270083586
1391428962061017088
1391429385887133697
1390737777113792516
1391429507936968704
1391428917391724547
1391427587176554496
1391175363057815554
1391427938717999108
1391427650107883521
1391428202535530497
1391427453990625280
1391427426799034370
1391428339395596295
1391087699717771264
1391427134195908610
1391426762609942529
1391426148677074948
1391425724184137739
1391425807990489101
1390765954972278785
1390782740295872513
1391425244913623044
1391424809255514116
1391424081178812425
1391146865278832641
1390416523949391878
1391424153681604609
1391422916739403778
1391423423344267264
1391422904164921344
1391387324748111873
1391217688609951744
1391422493966192642
1391108306584973317
1391422640158646275
1391143947163127814
1391421682682900481
1391411127591055364
1391417566799802369
1391421613703319558
1391401232976125952
1391419580778643460
1390733486235869184
1391078314190667779
1391382889531465728
1391419763998568455
1390635119032078343
1391417716561620993
1390795064704708610
1390462935282094085
1391417548688830470
1390462254546624514
1391416039292997639
1391416075309486083
1390766775487315969
1391071866715000835
1391414966427783176
1391414601766551561
1391413226298953728
1391412542476587014
1391412497257803778
1391411187796086787
1391411622351151105
1391411542793625601
1391412127835987968
1391412090225692680
1391412112048762883
1390451983157538821
1391407985520427009
1390436735134355457
1391409001385140231
1391401751262158849
1391409265269686278
1391409312904458241
1390669662237700098
1391097453248610305
1390781773248749573
1391408596970131462
1391408008781996037
1391046204239269888
1391408081444159493
1391407645505040384
1391408278861750276
1391406290543415298
1391093711350624256
1391389617371316236
1391406498417348614
1391064862076383240
1391124512213803015
1390752033419014149
1391407394484334597
1390714323060891649
1390801772394995714
1391405637653958657
1391404389458317316
1390413019247562755
1390789777918627845
1390437515056713729
1391097376287322113
1390797505705635843
1391405063348752385
1390728767589412866
1390762379995074561
1390416307242242049
1391403591634546688
1390400273076473856
1391403422415421441
1390695317041860614
1390449873972043776
1391175370091634689
1390801524343902209
1391402389123616776
1391401953041715207
1391400822630715396
1391401574065483776
1391401767317934090
1391400476562886659
1391401765959094273
1391401608030920706
1391401557623721985
1391401293109993472
1391399894401830916
1391071455928934403
1391399968292831236
1391399850428846087
1390765358915723266
1390775404433219584
1390623597069324288
1390638267826065409
1391398743723986947
1391116075539046402
1391398709926277120
1391399112151638023
1390786171731599363
1391399101951102982
1391397849015984130
1391398058773073924
1391396462584635392
1391396737101750277
1391396126985760770
1391394451365507073
1391394501361549317
1391393334292275203
1391392264841269256
1391227780080312320
1391392401906937856
1391391448013103104
1391363865011789828
1391390821505716227
1391082289556246532
1391389734614745097
1391115483278155779
1391388863508094977
1390406752672239616
1390705791158525953
1391389347883196417
1390640906844446723
1391389366606471169
1391388424117043201
1391388745157447684
1390642651209162753
1390642923952168960
1391387354145951748
1390721033779531779
1391052211103444994
1391119116640137223
1391283844272332806
1391387665925296135
1391384767342465031
1391385771698016258
1391384696978907138
1391385791293624325
1391104694404096006
1391034977513398274
1391384942362386433
1391383829055746050
1391383403472228354
1391227688724148225
1391384642117423109
1391383279165747201
1390852621989294086
1390473804309217281
1391383616140320769
1391382488375779328
1391382516691505153
1391383068783546375
1390407503578640386
1390805864055984137
1390813119618899970
1391380539228123136
1390526889819836416
1391380448106975236
1391380650675036163
1391381029542371332
1391381240729808897
1391378980633288705
1391378803780423686
1391379210032320516
1391379374767853569
1391353473917231105
1391353728628928513
1391374732000436229
1391363824893190154
1391371926589816832
1391373373280821248
1391170839664635904
1391371776945541121
1391368722317729795
1391367950804848643
1391369324942737408
1391099049328234502
1390994770860945413
1390675537165701130
1391366182658248704
1391365199609974784
1391359658842107907
1391360080881274882
1391358029430497283
1391357321385844737
1391357961952432129
1391359002508988421
1391356249334239233
1391349075778457600
1390575745555128320
1391352382651576322
1391005114329190402
1390993782984826880
1391346882841042947
1391041377727823875
1390672471389523968
1391340958608932865
1391209741217673216
1391091735833595907
1391336516195176450
1391044347508973569
1391051987085664261
1391336030641475586
1390780748911755264
1390991955467849732
1390984347549937664
1391324664069332995
1391326200220590081
1391320402723581952
1391319698726400000
1391311049715036163
1391312006532288520
1391300811372826627
1391145381510225928
1391295116120317952
1391284361715011588
1391287241826316288
1391285575429328896
1391076889259921415
1391280601710448642
1391191275764846600
1391281498406404100
1391104101535133700
1390458439558647808
1391283768598614016
1391278801158647811
1391265963488817154
1391266382034178049
1391267137994493953
1391256256657166341
1390992108203528194
1391219192955817986
1391264482333241344
1391261173207740425
1391257970860773378
1391255037641469956
1391251657477001220
1391251373027627010
1391251287128293382
1391250308475625489
1391175023080230916
1391247152438030336
1391244652959907840
1391242955520884738
1391244211408842763
1391244618604367872
1391242213271736324
1391240103251660804
1391240494982828032
1390407304437239808
1391240349411160065
1391198615973072896
1390464039092985856
1391239898766716928
1391237089094782977
1391237259970633730
1391233904552693761
1390736541086007298
1391234627478642691
1391234294757089282
1391231920646889475
1391232160993103872
1391232346175717381
1391231922148454400
1391045300152946695
1391233353387593734
1391233604450234371
1391230379114307585
1391230835668525057
1391229865941143555
1391229529620992001
1391041304923197448
1391229556846125060
1391228460513873921
1391228956775526403
1391229842461495296
1391226766509936641
1391227450525372421
1391075400051093510
1391227659661807622
1391224079127093249
1391014991042646021
1391222545366589440
1390637766325723136
1390634432365744135
1391223115104071680
1391222586034507780
1391222161961103372
1391221552193150978
1391220708689289220
1391221414255120385
1391170631866241025
1391221147233042435
1391219350720458755
1391219269577416706
1391220198628265986
1391219009643810816
1391219425370574850
1391219823925989382
1391218649227309056
1391217822676799489
1391218731993423874
1391218013144240130
1391216171635122176
1391213858463928323
1391213792361689088
1391191808605097984
1391180450685767681
1391187738704203776
1391180084434935814
1391188401328726016
1391212093026750465
1391212959179943938
1391212506484514821
1391213183470350337
1391211091405987841
1391211116345405444
1391210755610009604
1391210069707182092
1390454052165722113
1391188165923418112
1390483540400394244
1391100440931180544
1391105548825804809
1391209497205555204
1391210317053636614
1391210439766380548
1391209035777576960
1391208717094465536
1391015018653683712
1391206388160942081
1391206394100133888
1391207808411054082
1391203794436907010
1391205015721857027
1391172829920509954
1391204146548822018
1391203477691502592
1391203692733517824
1391125364542431240
1390878045662326785
1391064808078733312
1390448121461690370
1391037588559994882
1390729239276580865
1390647601049964547
1390674821453783041
1390783676477173761
1390983137828605957
1390955896075800579
1391092035075989505
1390702025365618689
1390593165548081157
1391146492065312770
1390475342775611394
1390420895311691777
1390838111509237760
1391173698476863489
1391200917538541570
1391119262903783425
1391201178155892738
1391198961000542211
1391199779795918850
1390693262751641600
1391199846091169801
1391197456784834560
1390469875991257088
1390465033860177924
1391197663568318464
1391198082390544388
1391198822177595392
1391198496984903683
1391197721814609935
1390522121164578817
1391195551052533770
1391134000727609344
1391195598137798657
1391195809019011074
1391193643973763080
1391193124224053251
1391191748299399174
1391192909182033921
1391192144598142976
1391189858983419905
1391190254112190468
1391190729318404099
1391190848436674564
1391190692446224386
1391191060186009600
1391188964632154113
1391188534032310272
1391188455493885958
1391188659119005701
1391188407204864000
1391187727895433222
1391187428124381184
1391187839535271939
1391186640316547074
1391187933064056835
1391187875169984519
1391186313303498752
1391185474493075461
1390861213442187264
1390859398822645762
1390628207112622084
1391185938731212800
1390815619298349058
1390628351891681283
1390628441750482947
1391186018448023552
1390493156790181888
1391184176624328705
1390634322923823109
1391183656723566592
1391183201486491655
1391180679925350401
1391181125049995266
1391181052123746318
1391180708081721344
1391179162313019396
1390712053434880011
1391178806883504131
1391179092523900931
1391179963215327233
1391178869689004036
1391176889440641035
1391176605171658756
1391177933209980934
1391177562953592833
1391140818350743557
1391175781506748418
1391176321934450690
1391174941240963087
1391176403069067267
1391174933636653056
1391173414572986372
1391174910848946176
1391173573117628416
1391173875057274886
1391101645757550592
1391172373697728513
1391172584063086595
1391136326540480521
1390521405792526343
1391172986259054608
1391173352811810816
1390448469350010880
1391172656104357890
1391131956662964226
1391173134540214275
1391170727253090304
1391171194120859649
1391170281667022848
1391170011746680834
1391169264564985856
1391168556382015490
1391166343412649988
1391166344922550275
1391167224291938304
1391166345987903490
1391167692128890880
1391168570390978565
1391167483994910728
1391168108174393346
1391165440370618373
1391165303896297472
1391165371256909833
1391165472872321026
1391165336402239489
1391166588133548037
1391164821379420165
1391163307655143425
1391008371608784897
1390675060416000001
1391158325199388672
1391163749722112000
1391163660987469826
1391164683206418432
1391162645609340931
1391162666094264320
1390800243655024643
1390716184253792256
1391163214142926848
1391163204022177795
1391162633076842497
1391160809485651972
1391161328648269828
1391160863793483778
1391161736888262659
1391039666007252999
1391161933588467714
1391160735368101894
1391159363663015942
1391160150283665410
1391067545038426122
1391158274423144462
1391157006287900677
1390793881692803075
1391156251644604425
1391157609936326660
1391156142571671560
1391156236284989449
1391155122269470721
1391155134332239872
1390429982275506177
1391105026978762753
1391155304935706628
1391155133120192513
1391152842128384002
1391012907815776259
1391011100225908740
1391154018169331715
1391010284001808385
1391152660246577158
1391153037398495238
1391152821094035458
1391099264529584136
1390697022349524992
1391152059693547520
1390707745305681925
1390730180180815873
1390729460689866752
1391149920216928259
1391035888956739584
1390709316861104132
1391149184737292289
1391149192765116430
1391149183021854721
1391150053398614016
1391148812299800579
1391149613780975620
1391150554676613123
1390649377706942465
1391150291136000002
1391094873944625155
1391148997704884225
1391032429008326657
1390999044982456320
1391066774049890307
1391147885828399107
1391148032805294083
1391148024508866569
1391148083304673291
1391146535761547266
1391146304718266369
1391145603598594056
1391146912334614534
1391146384355696641
1390747321273520130
1391143817122775040
1391144808387915778
1391142638032756736
1391141024085512200
1391142103544127494
1391141012148527108
1390785384590856192
1390442257862602754
1391140994255572993
1391140701585383424
1390722663534895104
1390789806079217678
1390756237789122560
1391141381494640641
1391141811477942273
1391140371447484419
1390761163680407552
1391104070329454593
1390875111561916420
1390747529617182720
1391138987817852932
1391140282222235652
1391139013478821888
1391139838640992259
1391036964766326788
1391139904277532672
1391137757892841474
1391137485854584837
1391137272528003078
1391134080784273414
1391135253280923650
1391134480090288130
1391133425344516097
1391083783118491650
1391133464137711622
1391132909709447172
1391133132628312065
1390707257495654408
1390707798825111557
1391132163903574020
1390707946158493697
1391131808125816836
1391132424646574082
1391130419765161984
1391129713343614979
1391130318191661057
1391129910534565889
1391129344827740169
1391063669677514752
1391121933144559616
1391129281439350784
1391128049819607043
1390681634861580292
1391127325849395204
1391127249714298880
1391087149693427712
1391125432465076226
1391126051410034691
1391125689223372802
1391125429222793224
1391125261274464265
1391125085260558342
1390638482314473472
1390778685456846851
1390774415206518786
1391124862509400069
1391124644028198914
1390459903056166922
1391006186229616643
1391123876990570498
1391124483054899202
1391124234039083018
1391121511415693318
1391121359070244865
1391121956464783361
1391081634481332225
1391101792163811332
1391121535692206080
1391122165798522884
1391121244599300097
1391120135591710728
1391120124124569602
1391106557652385792
1391120000266776576
1391119132599357441
1391119495180210178
1390868093858193409
1391119292134051842
1391119084251660292
1390635235277168649
1391117568505696259
1391117855211544581
1391116731054272521
1391115860584976384
1391041672688046092
1391115050618851333
1391099265938870273
1391114603283820548
1391111735793360897
1391114159325171712
1391113086438887429
1391113452203044866
1391112991811284993
1391112483453214720
1391112376615936001
1391111466938290186
1391111332653584384
1391111221076758531
1391110561665064966
1391110193371615237
1390775878112718849
1391109142232903681
1391109731113185289
1390420442431770631
1391108869062004745
1391108902524112896
1391108043866316801
1391108563288870913
1391108209591586819
1391109134850793473
1391107938022998016
1391107427123318788
1391107902270844931
1391107786256302086
1391107379320721411
1391106715140169728
1391105465787035654
1391105561786261506
1391105386791460871
1391038634392842241
1391104941742166021
1391103575015690240
1391103438054903808
1390736298491715584
1390736297296281602
1390406019122089988
1391104004487327746
1390736295933222915
1391102749765419008
1391103066200498181
1391103397252698113
1391101518733053956
1391101768365273088
1391102188114612228
1391102075065585665
1390621881200480257
1391102304573661195
1390786664130224128
1391033892459610121
1390719802403024900
1391100703213461507
1391050593318301696
1391101282497306630
1391011581929181184
1391100230100262913
1391099347878567938
1390424389116588032
1390407813675896832
1391100314615484420
1391100352011833352
1391098449513394179
1391097877364105218
1390842527553568774
1391097302560002049
1391095922000646145
1391054883948834820
1391096470271512577
1390740052133752833
1391094896321306627
1391094863672848386
1391094098795405314
1391094323949735939
1391093990666166272
1391094410402803712
1391092749508689923
1391092958032764929
1391092215045365761
1391091464315285509
1391091659945951232
1391091502781186054
1391090782455619586
1391090662691508226
1391089974750101506
1390490078498148352
1390872734448689155
1391090756576845826
1391090334344654848
1391089317582344196
1391089168210612224
1391089060412862466
1391089845724979203
1391089954122608652
1391088059794567172
1391089333730529283
1391088607956508676
1391089330693758981
1391087761743044615
1391087463318315012
1391086168154968067
1391086415824424960
1391086496820703232
1391085699307241477
1391085665966829571
1391085269852504068
1391084459735277570
1391083093302419464
1391083530327707648
1390701946990907396
1391082998376828934
1391082295541608452
1391082316949241865
1391082137307262976
1391081658913337344
1391081631511977988
1390857923140767750
1391081438339076097
1391081958311137281
1391081366675206148
1391080897252839426
1391043259867222018
1390760310873722884
1391081120620548097
1391080539004841989
1391079583395557377
1390990175115915266
1391079860186099714
1391079664857276418
1391079330051198980
1391078655430901767
1391078807411507206
1391078950424784903
1391079014530420738
1391028197458857984
1390886487609204736
1390837595307921413
1391078203654082565
1391078142282960903
1391077693878378500
1390735848858079237
1391075617186197506
1390709460578996227
1391075921084522496
1391076427257233408
1391076182272118793
1391075207058759683
1391074179772989440
1391074569478451200
1391074764106747905
1391074383943376896
1391073211287314435
1391073946582278147
1391073809529196545
1391073790701019137
1391072357616398339
1391072042129117189
1391071144573349889
1391054305810161665
1391071232662118400
1391071247748894725
1391071833831747586
1391071230053261313
1391070296698916867
1391070384519270405
1391069047064760322
1391068053568434177
1391067572792139783
1391067308446081031
1391067442173161478
1391067931971305474
1391067636608475137
1391067655273123841
1391066447170969601
1391066516599283717
1391066787844866053
1390787649590513664
1391066693766578180
1391066353923198976
1391066759827005446
1391065472444084224
1391064517031854080
1391064950773321732
1390784005948182528
1391064839469113347
1391064787765784581
1391064441295413251
1391064559620968453
1390402049767092227
1390740021334925317
1391065159414820873
1391064036788379650
1391064284738822155
1391063688044498947
1391062983267266562
1391063417818058758
1391062597298966533
1391062667020877828
1391063110061076482
1391061866567327746
1391061950579216391
1391062164333633538
1391062242666364928
1390735896517959684
1391062407775244291
1391060796164255746
1391060766170701825
1391060780221562880
1391060822605148160
1391024415912173569
1391060263990874112
1391060314154745857
1391060423882022919
1391060136899223554
1391059865422938116
1390830781338112003
1391059528754606082
1391060213118246915
1391059758828986374
1391059347522924551
1390436511427047426
1391058624064245760
1391058861289885696
1391059037786083329
1391058044688154630
1391058007103098881
1390660159429660674
1391056543546753028
1391055692484816898
1391056686144688128
1391056201799045121
1390974703599296513
1391056884191408130
1391056470180044804
1391054523087695872
1391056218979016704
1391056684227956740
1391056485111812101
1391056692260003845
1391056698136309768
1390883504788021249
1391055291400208389
1391055830942892039
1391055138169757696
1391055179957653504
1391054556176560129
1391054629144862724
1390483210933579778
1391054118521802752
1391003500629405698
1391054415264616451
1391053647660863493
1391053740346646530
1390655827950903298
1391052406109229057
1390656438188576768
1391052560715423744
1391050916284014598
1391050910726557704
1391051220199092234
1391050896944078852
1390773076619628553
1390622768887128065
1390621180747558912
1390693496172933133
1390693493648023558
1390693494906400768
1391038755138637828
1390621182173536257
1391045376120078337
1391050296403664897
1391050163733549057
1391050148260765700
1391048663481438219
1391049413871742976
1391048754321674240
1391049162037268480
1391049265145913347
1391049029367345154
1391048090753323013
1391048036441276416
1391048437777408005
1391047489906749442
1391047296796741634
1391046658264289291
1391047279662993418
1391046026748911617
1390692945431601153
1391046420602499072
1390656816296697858
1391045076671926274
1391045047198621696
1391044659003199490
1391043957669384194
1391043091214213124
1390697672277848066
1390777694392971264
1391043348295651329
1391043460732424195
1390794460783591425
1391043609890377728
1390474265393258505
1390427315717525506
1391042859135033353
1390732186563850241
1391043119853064197
1391043182868279299
1390623402818424832
1390410622374907912
1391042046522187778
1391042224561983490
1391042146543804422
1391041807170035714
1391041224228982785
1391041785485570048
1391041073171124225
1391041173259751424
1391039895896936454
1391040632945250314
1391040354116423685
1391039178960478209
1391039347181432835
1391038105596186624
1391038272940429314
1390706260434096137
1391037608155828232
1391037391029342211
1391037473120206849
1391036987315036167
1391036735921000452
1391035957886001152
1391035874855510019
1391036261616521227
1391035816391106566
1391035758421630978
1390839789172187137
1391034384887783426
1391034945930502146
1391035088121573377
1391034979946205186
1391032524554506241
1391032574709993477
1390643338890694656
1391032767203446784
1391032660848488451
1391031057349292037
1391031486481149956
1391031080766119940
1390703146486226944
1390720181047947264
1390737225315356679
1391031613484453891
1391030245470441473
1391030785344430080
1391029849448488966
1391029925336035330
1390651523475165185
1391028894292185091
1391028759030075402
1391026828693942276
1390461309955739648
1391027218399248388
1391027932437549056
1391027929304424448
1391027430928916481
1391026655607541763
1391026000268566529
1390979145245601795
1391025852855558148
1391025436189147137
1391024064005910529
1391024688147599362
1391023692616974336
1391023173605466115
1391023278706368512
1390497189005254662
1391023466044956672
1391023878441521153
1391023007842308098
1391023557283614722
1391022900262707200
1391022480349974539
1391022364440375298
1391021752621412352
1391021490687156230
1391021483011543041
1391021744165724161
1391021849933451268
1391020660999196674
1391020611108020227
1391020920802787330
1391020421001228290
1391020588249010176
1391020060244807686
1391019598384861190
1391019688319012871
1391019437344575489
1391018167837892610
1391017903248576517
1390658375059394564
1391018027630702595
1390408905180782595
1390771139211927559
1391016512325042179
1391016852105662466
1391016229289271297
1391014675672932353
1391013879858307072
1390648760791875587
1391013861046771718
1391013133544837128
1391013482292723718
1391012075741327360
1390486690817626112
1390949631480242176
1391011285525991426
1390629313087737861
1391011798392975365
1391010696025055235
1391010140741148672
1391009578754744323
1391010824735625216
1391009222725406722
1391008949604917250
1391007222914850822
1390983182019874817
1390737718569836550
1391007411285155840
1391007372575969280
1391007063963316226
1391007447482085377
1390452087914438659
1391007423654252545
1391002881445277697
1391004232862601217
1391003624902377475
1391002483695173632
1391000400791212043
1390999845243076608
1391000310131404808
1390999023876722688
1390999655018811395
1390998594526892033
1390640127773483010
1390998349600411648
1390998157211934723
1390996015147327490
1390996219816824838
1390996773817274370
1390995570135867394
1390996872597278725
1390823773864140801
1390996550403362817
1390996969770917895
1390995031423602689
1390993967341318144
1390995409800208384
1390995026000420866
1390764611671109638
1390992185345073152
1390992568842850304
1390993467510251521
1390989326817824768
1390987826972528640
1390989093560102912
1390989337995718661
1390987711360741377
1390986188752707590
1390653608274898950
1390985897680777218
1390985900658774018
1390986242511314945
1390983956464549888
1390980399971586052
1390980095326756864
1390741860596043780
1390980349669281796
1390980404190924802
1390980679169675267
1390982579415928834
1390977243812352002
1390979556459401223
1390976014516424713
1390973852851843072
1390975347672375298
1390975000228757506
1390974802664558592
1390765000344625163
1390972268499587073
1390962644572639232
1390965275839942656
1390958820717957122
1390957413088604160
1390959161236758529
1390818638488293379
1390958642250371072
1390955236051857414
1390947975342530562
1390950026143277057
1390947585913987072
1390939562889949186
1390443769661644801
1390442610834219010
1390935663529414658
1390933826990379008
1390630803403591680
1390936379220283394
1390936865000366081
1390928536526065664
1390923106294898689
1390916596437299207
1390923688602701829
1390925581425029120
1390921309094391809
1390920287965831169
1390916073822826498
1390903254800900097
1390918764900802560
1390915393208913922
1390915486058221568
1390915207170506753
1390915361986555906
1390915304042151938
1390915261784641536
1390915426591334401
1390911219066884099
1390912458831941644
1390742848656576517
1390907165116936194
1390735132848492545
1390518146734432258
1390426329972150272
1390904079220609025
1390901447940771840
1390908947637342208
1390905399692378114
1390504315018694657
1390503018932617219
1390741983845568514
1390908287848259585
1390909800154861568
1390908632586412032
1390766521773924353
1390906115840483329
1390899498004750336
1390868058768613376
1390901924942290945
1390901203484217346
1390896849201115143
1390897105401745416
1390894142226636800
1390891960462946310
1390888686695370752
1390887517990305793
1390886045802287108
1390887250473410564
1390887471546871809
1390883503970074626
1390882100346228736
1390879956134244356
1390881822767210498
1390880067627126787
1390879270403284992
1390511632531574784
1390878121667268609
1390878726108426240
1390878812653735936
1390876145869066242
1390874529405280257
1390521317879959560
1390872151952142336
1390661205094715392
1390872709484228612
1390871441663569924
1390871214349037569
1390869894175002629
1390869765581905922
1390843215260041217
1390869127603105795
1390869007662829571
1390866620042518531
1390866246544068610
1390866309768941572
1390865018162401288
1390863243820814337
1390863709967425538
1390863428978348032
1390863687049781250
1390861800032382976
1390862460257714179
1390858808826683394
1390858932772540416
1390858928729247745
1390858516626345988
1390858076555776001
1390856826263068673
1390854920874729473
1390855659000848384
1390855007889760258
1390855628210556929
1390853974320951298
1390853981790949376
1390853622427181067
1390852926768390144
1390852301280223233
1390853039540539394
1390852018844147718
1390851403569147911
1390851143077662722
1390849830482763778
1390850290539237376
1390850729590591491
1390850210046357506
1390850152550785028
1390849073775882240
1390672822729646080
1390848069831364609
1390499973318459392
1390849246010781698
1390847855628275718
1390848518215110658
1390848627711651841
1390848083261526017
1390847566938574856
1390844749209378817
1390845127099396103
1390651682204307462
1390844247365009416
1390844617927630848
1390842981029138433
1390843049958379522
1390841699212177409
1390842478060781568
1390839913894010880
1390825970999959553
1390840570629795844
1390839818490466307
1390840470960492545
1390839849662533632
1390839366629658624
1390839003407134721
1390838436173598720
1390838087312461827
1390837366626078720
1390837387404718086
1390835785956564994
1390771803610615812
1390832815852466179
1390836057260896262
1390835730142965760
1390833838524444675
1390834251814342659
1390832700353822720
1390831449494937601
1390818841916215300
1390830544527761411
1390831327684009986
1390831027652894726
1390830213475577856
1390829961263685637
1390830228713394180
1390828400634441728
1390828131251073032
1390826925355151391
1390826128848400386
1390826452568866817
1390825076661051403
1390824884792709122
1390756809066131462
1390825541637492739
1390823872954576900
1390824078228000768
1390824040135372802
1390824612716498954
1390822845194903558
1390821181285179392
1390822316981067786
1390822332227276801
1390503277738008576
1390820669701697541
1390820855383527424
1390820980780638218
1390820485286572040
1390820340658581508
1390736154551635971
1390819575235858439
1390819311883784197
1390820035074088964
1390818697888112641
1390818582209105921
1390818776908713985
1390818892671602689
1390692315824627722
1390765211326586881
1390817603044659203
1390817594576416768
1390817321434943489
1390816410587209728
1390815977856765957
1390815688726548481
1390815495050481665
1390815085795364866
1390815495079796737
1390815105940590599
1390814470050619395
1390813826992508932
1390812786717077507
1390813534783684620
1390813089164140546
1390813006599184394
1390812081985925128
1390811749209808905
1390729897044287492
1390811552492752896
1390810579376427011
1390810748360736772
1390810401466720260
1390809584407826436
1390641809710370821
1390809131481763846
1390809030067724293
1390808909896683526
1390807762704257024
1390807108564750338
1390806501141450752
1390807173224181760
1390806808684601344
1390805938010009602
1390804647703683074
1390804093942353924
1390804918160826378
1390803616634753024
1390805220725231618
1390804841555976194
1390805461985726465
1390804808622301184
1390803943790366721
1390706988401709059
1390803600276967425
1390802696177864715
1390802202772582404
1390801303106904067
1390801385118212099
1390801472019996674
1390801124999970816
1390798390557089792
1390799347059765256
1390799182580039680
1390798376204185608
1390798190543310849
1390797898657509378
1390797960531881985
1390683156844515338
1390796343774482434
1390796920679960576
1390797292081401862
1390796373684072449
1390797235005296640
1390796814278959110
1390797160212570127
1390795723919200260
1390795473859059718
1390795739287150592
1390795361845927944
1390794192595701769
1390793987393572867
1390795013806825475
1390795022954647552
1390792883993731078
1390793294272139270
1390792482871513089
1390792943330549761
1390784063498240002
1390791371682942982
1390412435006296067
1390791778714988549
1390791367115280385
1390737400997974018
1390791212307730433
1390789930734002182
1390789913755492360
1390788618113884165
1390788645536337921
1390788646182215682
1390788649579593731
1390788436429312006
1390788074716737537
1390788400333082625
1390787285260570627
1390402931812352003
1390669870346481666
1390787143694442497
1390786841130029059
1390786898067660804
1390787117245247488
1390786411704590338
1390786166048366596
1390786194489974784
1390785661318348801
1390784506551062533
1390783967801008133
1390784290124931076
1390784127637630984
1390784074076364807
1390783733159153668
1390783446935605248
1390647377262952449
1390782610171904002
1390782520082538496
1390781896318099456
1390673706033156101
1390781739270819840
1390781375247228932
1390781738725613570
1390780808697458692
1390780613288894466
1390696789850804227
1390780400604119040
1390779857689251847
1390776171701444610
1390778741543116809
1390465882867052544
1390778901618733062
1390771816365543429
1390778982098944002
1390778088728977412
1390778617467187204
1390778621783072768
1390777546531344385
1390777326066094081
1390776857168056328
1390776967222415369
1390776385988345857
1390776816634372097
1390776765715525643
1390775724055879687
1390775369565880323
1390775818822078470
1390774916438450178
1390774826307137542
1390655409137070085
1390774885136351236
1390774258645848064
1390766443403284489
1390774543887777799
1390773296506019853
1390678475204403200
1390773225060241418
1390681089178484739
1390772472040071172
1390772054006263808
1390772388615315460
1390771377444118528
1390770958743576582
1390756383835017216
1390402466529828866
1390770796663132167
1390770366109339653
1390769934213468162
1390768536394600452
1390768510486421506
1390768724173537283
1390768046550224899
1390717995677192193
1390701422556061700
1390668260257931266
1390767564159012864
1390768269011963905
1390767792094392321
1390692515754426369
1390767112927514626
1390767328200204299
1390767387717292040
1390603525860777985
1390766430862381057
1390765816853975040
1390765350745214981
1390764970648952842
1390762909660336128
1390763489157959683
1390764306158034946
1390762807222800388
1390763446128553994
1390763640010203136
1390762372202213381
1390761577180172290
1390625901533143042
1390760779910107137
1390759797771968520
1390758697035571204
1390758059941761026
1390757679749025800
1390757475612254216
1390757608584269830
1390756535953985543
1390756290595541001
1390756435835953152
1390756275693264906
1390756429066379265
1390755144053051393
1390755579589709829
1390754708021710848
1390754977124012032
1390459903077138434
1390754886602604546
1390753995845681157
1390754075533271041
1390754265170432000
1390754006000078849
1390753747450613760
1390753910793646087
1390753214337884167
1390752143125225490
1390522126520750081
1390751938279612419
1390751001276305414
1390751024999186440
1390751097149693955
1390750516603404293
1390750400601591815
1390750324693082115
1390749560453074950
1390749625619996676
1390749948396900352
1390750052444999682
1390750007586873350
1390748631150448640
1390749158093504513
1390749355720720387
1390749454156902403
1390748190937321479
1390748170494283776
1390748149812236291
1390748254049026052
1390748294780002306
1390408527202734081
1390747652057350154
1390747926180282383
1390747113412337664
1390747316009590784
1390746832393867267
1390746753796911107
1390745724405653506
1390746335729659906
1390746253462540289
1390746041180463106
1390643294032498693
1390743201745621002
1390745513750896642
1390745369638752257
1390745013341073409
1390745185395556357
1390743128852897806
1390717718953963524
1390743102650978306
1390742968454287362
1390742860736118785
1390742156973907970
1390742985877475336
1390741776303067137
1390742439820922881
1390741905726713859
1390740920094629890
1390740997760487424
1390740809629290501
1390740392119840776
1390740181024743427
1390740462105989126
1390740376814772234
1390728633216651265
1390681164055199751
1390739344915304454
1390738435762130945
1390738451520278539
1390495273001132036
1390669638724427782
1390672120695435268
1390737879970848771
1390737072382697473
1390736025031430146
1390735404618366980
1390735315124490242
1390734575819628547
1390734388737028101
1390733758958030848
1390733030617194498
1390732952007544835
1390719629052551178
1390732785707540480
1390722555393286144
1390438790133604361
1390732864959000579
1390732317346390019
1390732401119309824
1390621117572861954
1390731971903565828
1390732573266096128
1390732502424297487
1390442500280791042
1390404598511411204
1390731405190213633
1390730924208312326
1390565222952411138
1390730197524168710
1390729239406780422
1390729991512633350
1390729724188676102
1390728682944221187
1390729212588433413
1390728160040394752
1390728081984434182
1390727984353628162
1390727836655304704
1390486386248228865
1390727816782745605
1390727529514811393
1390727033551036417
1390726020773425159
1390724680290603023
1390724567803510786
1390724861186691073
1390723312934862850
1390723657069121537
1390722893135458307
1390633880827408388
1390723132630126594
1390722547700883468
1390722296646668289
1390722706014834689
1390722304213229572
1390722732690706437
1390721682923458561
1390721832551133185
1390415034170417152
1390721439821705218
1390721575415173125
1390721510906662920
1390720788408438786
1390720733832261632
1390721008534007814
1390720389043662853
1390720370555097088
1390720267643768838
1390720272500772865
1390719903976546305
1390433394492837894
1390718795572940804
1390718431381442561
1390717470219063304
1390717472937029632
1390717237623992328
1390716991263199238
1390716239777996802
1390716377825226758
1390716488756219906
1390716046307438593
1390715861527371782
1390715836197916674
1390715371192258562
1390715138202816514
1390715322995560449
1390714501159264257
1390697769837334534
1390714843968282642
1390714720831909891
1390714603584299011
1390714485325848578
1390714451188408324
1390713911742242821
1390713383536693255
1390713208374235140
1390713282357497863
1390713348254228482
1390713243769970690
1390713267660668937
1390663459101057025
1390404060235268099
1390712949849743370
1390712865628295170
1390712813589499911
1390712731276304393
1390712768647532545
1390712527961612291
1390712228798685185
1390712405827653633
1390711586550075399
1390711452244353030
1390711157279842304
1390711278541410309
1390711242298470408
1390710500288258049
1390710860847501314
1390710548426379274
1390710033286144000
1390688364265971713
1390709470792228864
1390627123401003010
1390709136862715908
1390709190272880640
1390708757684920320
1390708636192845826
1390708681692520448
1390708028652113926
1390435620271509505
1390707895411478532
1390708220440813577
1390648870741413893
1390707713252933635
1390706738349936646
1390707121247883264
1390682048604561410
1390706089281392640
1390696782514987012
1390674345723367424
1390706267673538562
1390705665774080000
1390705849564377090
1390705731599491076
1390705434588323840
1390705399494553606
1390704578711195652
1390704434515103750
1390704033845944320
1390654341141368837
1390703510166122497
1390703348806991872
1390703546497224707
1390702703509217283
1390702441528709120
1390701913231007745
1390701582929612806
1390701388305403905
1390701562595614725
1390701383272255489
1390700967155351558
1390701120708874243
1390701513857712132
1390700602511044615
1390700580193153030
1390700829015896064
1390699732910096388
1390439339352592391
1390699322967220224
1390699437949849609
1390663771169951753
1390699127177101317
1390699023787495426
1390698662829899780
1390699043110727689
1390698349481897989
1390698132179140608
1390692931204390915
1390697598399434754
1390696792057069574
1390696194867875847
1390695827270688773
1390695839077740546
1390694749468823552
1390693701853265929
1390678794940338182
1390693622442508292
1390693912797487107
1390693269911134211
1390692927802908672
1390692596964540425
1390424736539217926
1390692970857472003
1390692363736166405
1390691429886930953
1390691698402025477
1390691680207126530
1390689881358225408
1390690244169814023
1390690870500933637
1390629593086836742
1390690836350971904
1390690986368634884
1390690956333260804
1390690787546046471
1390690682814091266
1390690073352491008
1390690261064376321
1390690311400198144
1390689012956991489
1390688858417729537
1390562316119326720
1390687989613871107
1390687797623861249
1390686603589345289
1390687650022051845
1390685602497056773
1390686825254117376
1390687001947553795
1390686857382535173
1390686764742893569
1390686790734995460
1390686421367894024
1390682523060031494
1390686041137418242
1390686108061741059
1390686152181620739
1390685880864714755
1390685868982161411
1390686294624325638
1390684120242601985
1390685309151727617
1390685081283465217
1390684719520616449
1390684604445741056
1390684829960843276
1390684539308154883
1390683439532232704
1390683618880655362
1390682070020726785
1390681928320393217
1390681603215659011
1390681548568113152
1390681475973099524
1390680352633638919
1390678534163685377
1390667030563631104
1390679058292297729
1390680341069930497
1390674670177775635
1390679731272626178
1390679042324582406
1390678422096130048
1390678377875615750
1390678231506997251
1390677730887442434
1390677309355708417
1390676710425874434
1390676714179731461
1390676157742424066
1390676341146767364
1390676457765183490
1390676010195197955
1390676337019457536
1390676058131812357
1390675234869612549
1390674926504497155
1390628530208264192
1390674891347841029
1390675152850112514
1390652976868515843
1390419079693955076
1390674080794353669
1390674300030574593
1390674054252744706
1390673559442296834
1390673211830964226
1390669977095708675
1390671580842319874
1390672015678492677
1390672480662999040
1390672489425084419
1390672162860769280
1390659405423722498
1390671723855482893
1390659403708309504
1390671893880000520
1390671085998415873
1390670828635713536
1390670776811073546
1390670769382961156
1390669828181184513
1390670025074302978
1390670117193883650
1390669611335573506
1390669587914579969
1390669304262242305
1390669069712494597
1390669287996723206
1390669594864541698
1390668145313079299
1390451226727239686
1390668290096123913
1390663796839096327
1390667672778678280
1390667290518118405
1390667467190677504
1390666752405671940
1390665783735369731
1390665887645159426
1390665612951760897
1390665392448843784
1390665376195829763
1390664398100860936
1390663528034537474
1390663717604503561
1390662740872728578
1390662742609104896
1390662848020320260
1390662198956019712
1390661632360161280
1390661604342128644
1390661631986831362
1390661739906228232
1390660177561587715
1390660308419682308
1390659910254448648
1390659139655831553
1390659246132445188
1390658350149423105
1390658706686291969
1390658502809489411
1390658942351683586
1390658072453033986
1390658319262666756
1390657240919691270
1390405205943099404
1390655847878078464
1390656251734994946
1390655696618893312
1390505527076167683
1390655409850097669
1390655699819106308
1390655689241108484
1390655032471736320
1390631173051731976
1390434189577789447
1390655036028563460
1390654701310447616
1390653807051386880
1390653883957989379
1390653970469826562
1390653184159387651
1390652439368552451
1390651685752774661
1390652069200252929
1390641853863796739
1390651874584444933
1390649787628797953
1390649502495920131
1390628589868142595
1390649481759186952
1390648741317783558
1390649010390814721
1390649347126214657
1390648756052312065
1390585268332343299
1390649007156957191
1390648593158078467
1390648090542198784
1390648132342624257
1390648571461046281
1390646112038658049
1390645817736933379
1390646139171610628
1390646479430332419
1390646438837772290
1390646059165224960
1390645056076500994
1390644134701064194
1390645489297620994
1390645051303280641
1390644511060238336
1390643197894963204
1390643658270117892
1390643161379262471
1390642418165420033
1390643146980159491
1390642890054021127
1390642878980952064
1390642679021817858
1390641070099341315
1390640073394229249
1390639181668524032
1390639550549090306
1390638947966111745
1390639080988360704
1390638169905901568
1390637803034316801
1390637653708713985
1390637814254034946
1390637921343057920
1390636754919731204
1390636472454295555
1390635539779424257
1390636078810423296
1390635438411558915
1390636063404797954
1390634894406131722
1390633407462395904
1390633266122829824
1390633310758621184
1390633452966490116
1390632731109908482
1390632993526534144
1390631176763740162
1390631404493414401
1390630064279195657
1390630553129349121
1390630902007541761
1390630599472427008
1390629421040742400
1390627868632305670
1390511855710490628
1390629907240206336
1390629627035541511
1390628217334210560
1390625574599774209
1390460558596612100
1390627466264330241
1390627636012101641
1390627003448107013
1390626926713266177
1390624831784239106
1390626303460655108
1390624907143303169
1390626331482894336
1390624272532623360
1390624412366426113
1390623882567208962
1390623826585718787
1390621841715351552
1390619949484462080
1390522876114124807
1390617069071306754
1390613232939945984
1390612500979372035
1390612229213638657
1390610791569793024
1390610702575013890
1390609032612913152
1390601527123906561
1390608102043570179
1390605476216418307
1390603560321175552
1390603046636433408
1390602825793691649
1390595885063680000
1390593768592756738
1390591238970163200
1390585246446493696
1390582940829032452
1390428555222392833
1390583193858985988
1390580954633314306
1390574253255405568
1390567871424643075
1390564433588596737
1390562079753621510
1390559653227110401
1390548519044399104
1390545606477713408
1390541818585096193
1390543309953699842
1390541333698392066
1390541495732744196
1390540480451125249
1390418160147382276
1390540263081271297
1390540536155623424
1390539243232141317
1390537072763678720
1390536863031627780
1390535809732841473
1390532326292180992
1390529126314938375
1390528751348457472
1390528999307218944
1390527212575727616
1390527144871223297
1390525863616200704
1390523999579516929
1390429951661383682
1390521573929537537
1390491040239476736
1390520607696162822
1390520636150358018
1390519328873844738
1390519360943497222
1390519284015771652
1390517691505643521
1390517686543716353
1390514854461681664
1390513145907646465
1390511727083769856
1390511026173628420
1390510366233407494
1390506272395513857
1390511072445177860
1390510758753046531
1390510730772877313
1390509057589583872
1390510107226787841
1390509743148572676
1390507135902142470
1390507017169735680
1390504999537496065
1390503865225781250
1390502722823245824
1390502971776118788
1390503107470061572
1390502404139982849
1390502258031349764
1390500728049897476
1390500567412350978
1390499930884689920
1390498139816161284
1390498178106068993
1390497232756084736
1390497960362926083
1390496753976287232
1390496684006907909
1390495326931456000
1390494267563515906
1390493598161031171
1390409863340175362
1390494186684682241
1390493398231093251
1390492969820688388
1390493257025589251
1390492096474218500
1390492072159944708
1390492001427234820
1390491843276722177
1390490368601362435
1390490704724598787
1390490686521229313
1390490579536990211
1390490195636719619
1390489782187446279
1390489447121268740
1390490095900401671
1390489769558347777
1390489374492700680
1390470087295967236
1390472717342711810
1390488725168164865
1390488900800442369
1390488796106473472
1390487154812497920
1390486850767310848
1390463481535733765
1390486521053171712
1390484800205623296
1390465321736286209
1390480708427259907
1390485181065269250
1390485238313365511
1390484085689171971
1390484087966740486
1390483724584767491
1390483604858417158
1390482591388737540
1390482526871883781
1390482472467578881
1390482082313478146
1390482074952417281
1390482717675036673
1390481096576585730
1390481699293835272
1390481597426802690
1390453827489308673
1390465153217531910
1390469545261940737
1390480629389742080
1390480785963200516
1390479940714438657
1390479262210084868
1390459015126257664
1390448566938869766
1390477573533089793
1390479455966146561
1390478883351416833
1390479016969256961
1390478320891011073
1390478617713410052
1390478073678733317
1390476776615391234
1390475165935546374
1390475474346954756
1390475532249227265
1390474624639672325
1390474683280019457
1390472749026578433
1390473254486282243
1390445548516356101
1390472000787845124
1390415120937988107
1390472278014631937
1390472388249276423
1390472420771995650
1390470887338561538
1390471120424427523
1390470174818639879
1390470296419852290
1390468967353966594
1390469214339837958
1390468854040694792
1390467656923365377
1390467825169539078
1390468504348942346
1390467953192325121
1390467079573233666
1390466723082559495
1390467496109555713
1390465901279973378
1390465569363738627
1390465418901471233
1390465516452593672
1390465288844554240
1390465360684519433
1390464925798174727
1390463785920512000
1390464317166923781
1390463735832072192
1390464130390401030
1390463555254771715
1390464433198141446
1390463492466122753
1390463236772933633
1390462357290299394
1390462768055259137
1390463128190730244
1390461545088528385
1390461458018881537
1390461080334475267
1390460483719811074
1390459637544202245
1390459887767982086
1390459368802562048
1390459851260801025
1390459486339584004
1390459730842296320
1390458214920171522
1390458704458403842
1390458351851429892
1390458229281415169
1390458054332792834
1390456429501370374
1390456501215633410
1390456181072740363
1390455812741545984
1390455800250896389
1390455927648755722
1390455711742709768
1390455033465131011
1390453841863356416
1390454052895526912
1390453744551272449
1390454015939514372
1390453177145872387
1390452943749582853
1390453329738731520
1390453287426707456
1390452419696513024
1390452787658514433
1390452706582663168
1390452633253687299
1390451520349605894
1390452221008125954
1390451360986972165
1390451354318082048
1390450032063795202
1390449634548535301
1390448171227262977
1390448765430009857
1390448365821890568
1390448801572220929
1390447957812596736
1390447231979958278
1390446944309350403
1390445894886203395
1390446152986894337
1390445975278276613
1390445227647852545
1390436800066461696
1390444693956272129
1390444371649118208
1390444485759361031
1390444050046722049
1390443422020931587
1390442369422610434
1390441889212551172
1390441606680092673
1390441563692601356
1390441423053414408
1390441013509070849
1390440226863161346
1390440596431687681
1390440169824821250
1390440499530579968
1390439916207755267
1390440302717149188
1390440285621178369
1390439495896551424
1390439662666268678
1390437774604517388
1390439752755777538
1390439374505054210
1390438359177252869
1390438377938423812
1390438203774144516
1390438293184122880
1390437583105187841
1390437678575931392
1390437769072324612
1390437306528669701
1390436168844578820
1390436828122075139
1390436194673217539
1390436710983553027
1390436098296401930
1390411901302153216
1390435127084343299
1390435758000025600
1390435790342213639
1390434500501508096
1390434387628593161
1390433993154248711
1390433452835708932
1390432533314252803
1390432307199324161
1390431384167194625
1390431870932901891
1390430340011941891
1390431102049923073
1390430169421205520
1390429544008540161
1390428655101304832
1390429356263100416
1390428220818866177
1390428291400617987
1390426825835307012
1390426651423555590
1390425711928872961
1390425197841367042
1390425160809844736
1390425458236346368
1390424939791007751
1390424573053743109
1390424338692718602
1390424268991782913
1390422777484750848
1390423317937627136
1390422156706729986
1390421398414401538
1390421019001827331
1390420265608351757
1390420514812870659
1390420013371232261
1390420653254250496
1390418732850294785
1390418437177057282
1390418050118213634
1390418280259547138
1390417409463316480
1390408666252206083
1390416611862056968
1390416627745841155
1390416707320258567
1390415372755558406
1390413953575051264
1390414634411245577
1390414142071312390
1390413300744212483
1390413662175830017
1390411562066845699
1390411858419490817
1390411570644242438
1390410352765149187
1390410425431470087
1390410486634754055
1390411110633857031
1390409042636460040
1390409074177622016
1390408121546313734
1390407260464205828
1390407558943449093
1390406430235189261
1390406330150801415
1390405371127373827
1390405306237296640
1390404277290602503
1390404280058798084
1390401693293158407
1390404029658943494
1390403982573686786
1390403943717605385
1390403390753157122
1390402944961552385
1390403195516727300
1390403145520582665
1390401654126784517
1390401728881860612
1390400857435422727
1390401153112883203
1390400326071631876
1389686214530318336
1389685488882229257
1389685229141610509
1389684704677228550
1389662413075599360
1389683741023420416
1389685118122536963
1389684911783690245
1389685057154060288
1389684344034406402
1389684668807540739
1389569389490589707
1389684192867405825
1389682811544670220
1389682539208577028
1389682002530611205
1389681787576725509
1389652782446219266
1389682015771893760
1389595633024180225
1389586154853392389
1389681426476371969
1389680260216762371
1389680461920804867
1389587866850840578
1389680754343481352
1389680139009765383
1389680125717921795
1389679155978117124
1389679479421763587
1389581593585623041
1389679055725813761
1389679548455821313
1389679420349239301
1389678726712004619
1389678061117923329
1389677910903214082
1389677474804637696
1389677332483411968
1389677642744483843
1389677820675338245
1389677477895757824
1389676821097197578
1389676970284290057
1389677010079858698
1389675998271217665
1389676082169749505
1389599231631978496
1389676002385793025
1389676449892818946
1389675673632092176
1389656534959919104
1389675254214189057
1389675194285924352
1389674448500920320
1389674925129089027
1389674902609858564
1389674329206530048
1389674677774209025
1389674124256108544
1389594521936216065
1389673908668878848
1389674174126469122
1389571677021954050
1389673729509138432
1389673655970435075
1389672479866687491
1389672360530354179
1389672296139399168
1389672079725846534
1389672080145268742
1389671763169087494
1389671190986469386
1389671174687371265
1389670536700174338
1389670911616356358
1389670470283317253
1389613182281469956
1389670555431972866
1389611856810106883
1389670883409682434
1389670464453234697
1389669979948294147
1389669561272733696
1389669518679625730
1389669671176220680
1389669399771111424
1389669370209701905
1389669934574325761
1389668722793713666
1389668712475676674
1389668486117474304
1389668006641364999
1389668410397708294
1389668314637651971
1389597892403503109
1389488470327009281
1389667990505984009
1389668363635462148
1389668055324794882
1389666897076047873
1389666785876717576
1389666654687309832
1389649340042469379
1389666423329415173
1389666693618835458
1389666125743538184
1389665988858171392
1389666265380360193
1389665594069368834
1389665690953605121
1389665650935746561
1389665029461405698
1389665081944858626
1389664818752368643
1389664569409290242
1389663782834786305
1389663791147896838
1389578680536551425
1389664112800632832
1389664082974986244
1389664173483642881
1389663822663782407
1389664206199431173
1389663824433893383
1389663601506537472
1389663698806091777
1389662952773623816
1389663175809851396
1389613888606543878
1389597252432265223
1389663039641821189
1389663462339579904
1389662831411441664
1389662646748778496
1389662094736465921
1389661457957244929
1389660742467657739
1389484794384461825
1389648168158208006
1389660390569615360
1389649968332427267
1389659678506946562
1389659620638175232
1389659724686188546
1389659405893918725
1389658574377394181
1389659306744848386
1389581986214318089
1389658806582398982
1389658671219572736
1389584321028231169
1389552321831518209
1389657710015270913
1389655422206894086
1389656819925196801
1389644252607549444
1389657162226577413
1389656643084902408
1389657080202678273
1389655425726009348
1389655808758190082
1389656055387459592
1389655716353429506
1389655605267288064
1389655518743080960
1389655271736184836
1389654861176786944
1389654843942387717
1389654862292471811
1389654475707719686
1389602226193289216
1389571060924919821
1389654544750153729
1389654759137849346
1389654648034844675
1389654599087308804
1389654096316145669
1389653450338807814
1389653866162049029
1389653654194491394
1389652247341150217
1389635152641409031
1389634486669914122
1389653846495055874
1389653244847312898
1389652875127689217
1389530108151668737
1389617604382412807
1389612605862514690
1389653068027998213
1389574445333991429
1389652799319859200
1389652850763042817
1389652793162489858
1389652745523765253
1389652513104728064
1389652699059195906
1389651816934256641
1389651834172755968
1389652171688456192
1389651594136928257
1389651634498805769
1389651709933367298
1389651094020689924
1389650937304821767
1389650412802744322
1389650097336688643
1389649841156857857
1389639472766140416
1389649833229701126
1389649626412851203
1389558549198643204
1389649566576922624
1389649335483346944
1389648589173911555
1389648681352237058
1389648222788874240
1389648207400128524
1389647050267054096
1389647400432803845
1389646883874906115
1389609153296015368
1389641016119005192
1389646427316539396
1389645890793742337
1389576036187246592
1389551504881815554
1389646095115034626
1389646204301049862
1389645457794736129
1389645464233037825
1389645713433415682
1389645222234181632
1389645658701942784
1389644785951117312
1389644789306601475
1389645089681645571
1389644838203797514
1389644698743152643
1389636003065995277
1389644462654169092
1389643600947027969
1389643934503165959
1389643701614374912
1389644027222441985
1389643201833848833
1389643253344083975
1389643231751725064
1389642707036000257
1389642803597172740
1389642130084089858
1389642081375858693
1389641789510926336
1389641671760125953
1389640944182497280
1389640730348490762
1389638164155863042
1389640241586360331
1389640580968374273
1389640464022769671
1389640535057608707
1389640033028743174
1389640155036782597
1389639531339698180
1389639779617103874
1389639836689072132
1389639252288417799
1389638282946904072
1389637894978088970
1389637929962594308
1389613546028244992
1389638117536288769
1389541845714227203
1389638398151958530
1389637360724348939
1389637808671891463
1389637768314249223
1389636918309265413
1389637129916006400
1389636103532019712
1389636045201870852
1389636022741336065
1389635472545128448
1389635748534554624
1389635650945695749
1389626797441130500
1389564927464120321
1389635742494859269
1389635739932143616
1389635336079282177
1389634803184635912
1389633856920248325
1389634252350836736
1389633792827084800
1389607673352577027
1389633826478043138
1389602391591374848
1389633159210233857
1389620072809959425
1389620510292652032
1389632609731366914
1389632856985591810
1389632671215718403
1389632629356498948
1389632263328051200
1389598681855406085
1389632399948976130
1389631363503034368
1389631567039979520
1389631803405787136
1389631330930110473
1389631468700266497
1389631836293373955
1389630821053739022
1389631073840156685
1389630895678754816
1389630611950907394
1389629994805071877
1389630302058856460
1389611248539652096
1389613701968404491
1389630607198769154
1389629680341372930
1389629525688995844
1389629410169573380
1389629834536656899
1389629832447811585
1389625349600948227
1389629500963631106
1389628706960855041
1389628447241166854
1389628231742066695
1389627466268954630
1389627845316681729
1389627758586777602
1389627997326651393
1389627333041168390
1389627105974050823
1389627026416574464
1389627275130417153
1389626573389770755
1389626557979889665
1389626426731728904
1389626233235910662
1389626236180312065
1389626234062131203
1389626231180734464
1389625737041301509
1389625759883464704
1389547943011700741
1389624674385018881
1389624659222663171
1389623512491495434
1389624121873641473
1389624196028932104
1389624259832688652
1389623694260064262
1389574590515617792
1389623680041426944
1389623494112129029
1389623563678740486
1389623039613100033
1389622639627587588
1389613976250630149
1389622341882335233
1389620605570404353
1389622565321183235
1389598827087339523
1389622509969027073
1389622284491632642
1389622277181001729
1389621931343683592
1389621832156946432
1389621760979607552
1389621324264480769
1389621083343630337
1389621111994867719
1389620956373606404
1389620331309056002
1389620142313705477
1389620033995743236
1389619956933869574
1389619245395419136
1389619372734435333
1389619141737320448
1389618675037126665
1389618544128765954
1389618141202948099
1389617014050852874
1389605316493520897
1389617345614733312
1389617203591499778
1389617021361528832
1389617307727638531
1389616804641771520
1389616500185706498
1389616247860613120
1389616161843671041
1389616478333374471
1389615883815882755
1389615379924897794
1389613828749541382
1389615107819323396
1389615316142108674
1389615418147495936
1389615233052954628
1389615118577803269
1389615332436893696
1389614975187095552
1389614668939993092
1389614849177554948
1389614220874944516
1389614102134333449
1389561783850053633
1389614426421145602
1389602776200753152
1389614079233384451
1389613974082179076
1389613925168304130
1389613940351590407
1389613768049668103
1389613706720469003
1389613624390569986
1389613756548886533
1389613261700599819
1389612984520126465
1389612927217401857
1389600228022624258
1389555236898017281
1389612763903926273
1389612782513950726
1389529928622919680
1389612243940253700
1389610402099695618
1389611992583921668
1389612368028635147
1389611196198887429
1389610910260633602
1389610865775845378
1389610306993893378
1389610080220459010
1389610022347345929
1389610272864808964
1389609710094061569
1389607676334718976
1389609560214810626
1389609759163232256
1389609713109721089
1389609824543981569
1389608983107973123
1389557028708929537
1389609119666085889
1389609425447555074
1389606649724276748
1389609378295152642
1389608915239784450
1389608554680799237
1389608449776947206
1389608338380320775
1389607693975916544
1389607836381028352
1389607551784923142
1389607096245800966
1389606494715400193
1389540149659373568
1389605560371253255
1389605627291447307
1389605067913842693
1389605373552865283
1389604939773657091
1389605356221894672
1389604465846726657
1389604813214818306
1389604477687287815
1389604115710238737
1389604067815612417
1389603711861858304
1389603637295566849
1389603522564476929
1389603440368697347
1389603386098659329
1389602564681895938
1389602693845508100
1389471104478109700
1389602878025764870
1389602400743403521
1389602141879275524
1389602412252565514
1389602076234244106
1389601613141188612
1389601894495043585
1389601905597366280
1389601308525596676
1389601295409967115
1389600542066974720
1389574123291041796
1389600224457396227
1389600547783815168
1389600405651341313
1389597772437991431
1389599925932023821
1389599789529116675
1389600018164768769
1389599716376293376
1389592157821063170
1389599470355156997
1389599403393101829
1389599498104721411
1389599203912036356
1389598999523512321
1389598741066395651
1389599074572247042
1389598460253335554
1389598492713230340
1389598445476909058
1389598056341938184
1389595689735397385
1389597963547291649
1389597696600776706
1389597662962388995
1389597977044520964
1389597704368672770
1389596962698186764
1389597491205705733
1389597205175193602
1389597080700731392
1389597102251126787
1389596708938584077
1389596281031610369
1389596399055036417
1389596024637906946
1389595966148288519
1389595915267289091
1389595911786016772
1389595957227032576
1389595203401617408
1389595135822995458
1389595403683835908
1389594656191754245
1389594232210563079
1389594394248970240
1389594101775933447
1389594233183645702
1389593625697431554
1389593722321506304
1389593978773909506
1389593585339731970
1389593215351808003
1389592925152190472
1389592951236538368
1389592659006787588
1389592064388632578
1389592016032571401
1389591977507893248
1389591897568649223
1389591780463718403
1389591393375596549
1389591642282336262
1389591439798153219
1389574645620281347
1389590871306297350
1389534556391346176
1389590301984034816
1389590214356750336
1389589783219953669
1389590101097910275
1389589598838341640
1389589602785185792
1389589451752497153
1389589618488713216
1389589254288855041
1389588577726652420
1389587725536399366
1389588069259649024
1389587970324303887
1389587342369886210
1389587228188463105
1389586533594849284
1389586585222516739
1389586466855170049
1389586046086795271
1389586324462653440
1389585998124814341
1389586074696048642
1389585454912126976
1389548506197671939
1389585084051824643
1389585229162164227
1389584113603072001
1389584417270677515
1389584061434404871
1389583455965569025
1389583516162220036
1389583151601754115
1389583027509071875
1389583287048359940
1389582318910812163
1389582618593792007
1389582428226953219
1389582330356981771
1389582306772402182
1389581998080020484
1389581671230488582
1389581406867804162
1389581527500083200
1389581801564164097
1389581576414052357
1389581719980941313
1389580993972027394
1389580475749048328
1389574850801455105
1389580413467779072
1389580086496698368
1389580011657695233
1389579833353674769
1389579814428938240
1389579550263238665
1389579630353518592
1389559744491364361
1389578656759042049
1389578358695120897
1389578396351488004
1389573911042531331
1389578114393595908
1389578108756500480
1389577935263313920
1389577086684307462
1389577035677319168
1389576761508306948
1389576671112597505
1389576581094559746
1389575470241488900
1389576016956477442
1389574766537887753
1389574645020610560
1389574398382850051
1389574220707938307
1389573920739807236
1389574175006810116
1389574473624477696
1389573710680674311
1389573193636192262
1389572982876606469
1389572334990864385
1389572454083870721
1389572306788290561
1389572152081494022
1389567577253416960
1389571833784160261
1389571376839897092
1389571521123848195
1389572044329787399
1389571816742690817
1389570819760795658
1389570664156237826
1389570360245379077
1389570415958310916
1389570496593895424
1389569572701937665
1389569864264732672
1389569608256995331
1389568543272931331
1389568830138195970
1389554874040438784
1389569218979500035
1389568797221302276
1389569260779888643
1389568475010637832
1389568507017408514
1389568382899564550
1389567550313406464
1389567785274118146
1389567406658437126
1389567072305352706
1389566639373524997
1389566769975672834
1389566979489603587
1389566285533564933
1389565207316422660
1389565015255101448
1389565423444705284
1389565534157615110
1389564318509944833
1389551821983715334
1389564468502347778
1389564611633033219
1389564857867984897
1389564390723182594
1389559205858738179
1389550592436183042
1389563728430051329
1389564125202767873
1389563484388605953
1389563863956430853
1389564122879205378
1389563171610968064
1389563427409088514
1389563105538097156
1389563029570863106
1389562275569172486
1389562405768814596
1389539746804813824
1389562117829898242
1389561817404428295
1389561767269916673
1389561761242681345
1389562142635008003
1389561380873846784
1389561051310657537
1389561168558235649
1389560749295611905
1389561317430898693
1389561309239332869
1389560613601488900
1389560566302351366
1389560445372088322
1389560219936727054
1389560046141558785
1389560674980929536
1389559844181614594
1389559557479936000
1389558705545523201
1389548748154589185
1389551343522795520
1389558812504436739
1389558753188487175
1389558907480289284
1389558917395632130
1389558571768090624
1389557984276238336
1389557496231104512
1389557047381925890
1389556827617210368
1389557183797420042
1389556094779936770
1389556262728253441
1389555700888752129
1389555794383933442
1389555896179638276
1389555894023753728
1389554966935789583
1389555343513079816
1389554237298855939
1389554403397492738
1389548148033523715
1389554575410147339
1389554145842061315
1389553982633299972
1389536930791055367
1389554024576335872
1389541861166141444
1389553540348235776
1389544073279811585
1389553679603273729
1389554054020403200
1389552690531815427
1389553137648865281
1389552878726094849
1389551543167426567
1389552108647686149
1389552439951515649
1389550995819147267
1389551285595160580
1389550204513361921
1389550226856415232
1389550067611283460
1389550080911417347
1389550349862772736
1389550170757607429
1389549620557238273
1389549041680273410
1389549805907718145
1389548007230742533
1389547790674636804
1389546822172127236
1389545325124329473
1389545172980178946
1389544654299963394
1389544518727442432
1389543715249790983
1389542766435254279
1389541966464028674
1389542046025801730
1389540916873072652
1389540899106050048
1389540389053419520
1389539354251603990
1389538519593496585
1389536587348910085
1389537080859144193
1389537712844066817
1389536401763491845
1389536561033842691
1389535332282945536
1389536112897662976
1389536393244905472
1389533766759059469
1389533853073674243
1389534472727670787
1389534551454752773
1389532883782717442
1389530759032152064
1389530845992607746
1389529079364431875
1389528824757592065
1389529788457656324
1389527199410237442
1389527602692599808
1389526636790431747
1389527390121078785
1389525205354258432
1389524899593662464
1389522168162172929
1389522448677212161
1389516900133220353
1389517160142229507
1389518766237704192
1389519393198157826
1389514616678539265
1389514429348388866
1389515956414726151
1389506873825665025
1389509266894172161
1389504756230631428
1389502471811354624
1389501827624865795
1389494559504310274
1389490967347175428
1389481588875046912
1389481748346675201
1389482035958386689
1389479628981559298
1389476524148072451
1389473189235986432
1389472679267291137
1389474685641973760
1389475205421096960
